0
0.000024394
0.000026206
0.000026639
0.000025675
0.000023309
0.000019543
0.000014388
0.000007868
0.000000012
0.000090861
0.000080462
0.000068872
0.000056153
0.000042376
0.000027616
0.000011955
0.000095479
0.000078278
0.000060447
0.000042084
0.00002329
0.00000417
0.000084831
0.000065385
0.000045947
0.000026635
0.000007575
0.000088897
0.000070737
0.000053241
0.000036559
0.000020852
0.000006286
0.000093031
0.000081254
0.000071115
0.000062755
0.000056287
0.000051782
0.000049261
0.000048691
0.000049986
0.000053014
0.000057609
0.000063581
0.000070735
0.000078876
0.000087821
0.000097399
0.000007458
0.000017864
0.0000285
0.000039263
0.000050065
0.000060832
0.0000371499
0.00008201
0.000092319
0.000002384
0.00001217
0.000021649
0.000030794
0.000039583
0.000047997
0.000056019
0.000063635
0.000070832
0.0000776
0.000083929
0.000089811
0.000095239
0.000000206
0.000004707
0.000008739
0.000012295
0.000015374
0.000017972
0.000020087
0.000021716
0.000022859
0.000023514
0.00002368
0.000023357
0.000022546
0.000021247
0.000019461
0.000017191
0.000014437
0.000011204
0.000007496
0.000003316
0.000098672
0.00009357
0.000088019
0.000082028
0.00007561
0.00006878
0.000061554
0.000053952
0.000045998
0.000037719
0.00002915
0.000020327
0.000011297
0.000002113
0.000092836
0.000083541
0.000074311
0.000065244
0.000056454
0.000048069
0.000040234
0.000033112
0.000026879
0.000021722
0.000017836
0.000015414
0.000014639
0.000015671
0.000018642
0.000023639
0.000030709
0.000039847
0.000051009
0.000064108
0.000079027
0.000095626
0.000013748
0.000033227
0.000053888
0.000075555
0.000098049
0.000021191
0.000044801
0.000068698
0.000092703
0.000016632
0.000040303
0.000063533
0.000086139
0.000007938
0.000028751
0.0000484
0.000066716
0.000083533
0.000098698
0.000012068
0.000023513
0.000032922
0.000040199
0.000045272
0.000048088
0.000048618
0.000046856
0.000042821
0.000036558
0.000028132
0.000017633
0.000005172
0.000090879
0.000074904
0.000057409
0.000038573
0.000018586
0.000097645
0.000075958
0.000053737
0.000031199
0.000008564
0.000086052
0.000063887
0.000042289
0.000021478
0.000001668
0.000083069
0.000065877
0.000050276
0.000036429
0.000024472
0.000014509
0.000006604
0.00000078
0.000097012
0.000095234
0.000095339
0.000097186
0.000000612
0.000005438
0.000011476
0.000018543
0.000026459
0.000035056
0.00004418
0.000053691
0.000063465
0.00007339
0.000083371
0.000093324
0.000003175
0.000012862
0.000022331
0.000031538
0.000040443
0.000049013
0.00005722
0.000065042
0.000072458
0.000079454
0.000086015
0.000092131
0.000097793
0.000002996
0.000007733
0.000012
0.000015796
0.000019119
0.000021968
0.000024344
0.000026247
0.000027679
0.000028643
0.000029141
0.000029175
0.000028751
0.000027871
0.000026541
0.000024766
0.00002255
0.0000199
0.000016821
0.000013322
0.000009408
0.000005088
0.00000037
0.000095263
0.000089778
0.000083925
0.000077715
0.000071162
0.000064278
0.000057081
0.000049585
0.00004181
0.000033775
0.000025503
0.000017019
0.000008349
0.000099523
0.000090576
0.000081544
0.000072468
0.000063393
0.000054369
0.000045453
0.000036704
0.000028189
0.000019981
0.000012157
0.000004801
0.000098002
0.000091853
0.000086448
0.000081883
0.000078252
0.000075644
0.000074142
0.000073814
0.000074719
0.000076896
0.000080367
0.000085134
0.00009118
0.00009847
0.00000695
0.000016551
0.000027193
0.000038785
0.000051227
0.000064416
0.000078241
0.000092592
0.000007356
0.00002242
0.000037669
0.000052993
0.000068278
0.000083414
0.000098294
0.00001281
0.000026857
0.000040335
0.000053144
0.00006519
0.000076383
0.000086636
0.00009587
0.00000401
0.000010989
0.000016746
0.000021229
