0
0.000724394
0.000726206
0.000726639
0.000725675
0.000723309
0.000719543
0.000714388
0.000707868
0.000700012
0.000690861
0.000680462
0.000668872
0.000656153
0.000642376
0.000627616
0.000611955
0.000595479
0.000578278
0.000560447
0.000542084
0.00052329
0.00050417
0.000484831
0.000465385
0.000445947
0.000426635
0.000407575
0.000388897
0.000370737
0.000353241
0.000336559
0.000320852
0.000306286
0.000293031
0.000281254
0.000271115
0.000262755
0.000256287
0.000251782
0.000249261
0.000248691
0.000249986
0.000253014
0.000257609
0.000263581
0.000270735
0.000278876
0.000287821
0.000297399
0.000307458
0.000317864
0.0003285
0.000339263
0.000350065
0.000360832
0.000371499
0.00038201
0.000392319
0.000402384
0.00041217
0.000421649
0.000430794
0.000439583
0.000447997
0.000456019
0.000463635
0.000470832
0.0004776
0.000483929
0.000489811
0.000495239
0.000500206
0.000504707
0.000508739
0.000512295
0.000515374
0.000517972
0.000520087
0.000521716
0.000522859
0.000523514
0.00052368
0.000523357
0.000522546
0.000521247
0.000519461
0.000517191
0.000514437
0.000511204
0.000507496
0.000503316
0.000498672
0.00049357
0.000488019
0.000482028
0.00047561
0.00046878
0.000461554
0.000453952
0.000445998
0.000437719
0.00042915
0.000420327
0.000411297
0.000402113
0.000392836
0.000383541
0.000374311
0.000365244
0.000356454
0.000348069
0.000340234
0.000333112
0.000326879
0.000321722
0.000317836
0.000315414
0.000314639
0.000315671
0.000318642
0.000323639
0.000330709
0.000339847
0.000351009
0.000364108
0.000379027
0.000395626
0.000413748
0.000433227
0.000453888
0.000475555
0.000498049
0.000521191
0.000544801
0.000568698
0.000592703
0.000616632
0.000640303
0.000663533
0.000686139
0.000707938
0.000728751
0.0007484
0.000766716
0.000783533
0.000798698
0.000812068
0.000823513
0.000832922
0.000840199
0.000845272
0.000848088
0.000848618
0.000846856
0.000842821
0.000836558
0.000828132
0.000817633
0.000805172
0.000790879
0.000774904
0.000757409
0.000738573
0.000718586
0.000697645
0.000675958
0.000653737
0.000631199
0.000608564
0.000586052
0.000563887
0.000542289
0.000521478
0.000501668
0.000483069
0.000465877
0.000450276
0.000436429
0.000424472
0.000414509
0.000406604
0.00040078
0.000397012
0.000395234
0.000395339
0.000397186
0.000400612
0.000405438
0.000411476
0.000418543
0.000426459
0.000435056
0.00044418
0.000453691
0.000463465
0.00047339
0.000483371
0.000493324
0.000503175
0.000512862
0.000522331
0.000531538
0.000540443
0.000549013
0.00055722
0.000565042
0.000572458
0.000579454
0.000586015
0.000592131
0.000597793
0.000602996
0.000607733
0.000612
0.000615796
0.000619119
0.000621968
0.000624344
0.000626247
0.000627679
0.000628643
0.000629141
0.000629175
0.000628751
0.000627871
0.000626541
0.000624766
0.00062255
0.0006199
0.000616821
0.000613322
0.000609408
0.000605088
0.00060037
0.000595263
0.000589778
0.000583925
0.000577715
0.000571162
0.000564278
0.000557081
0.000549585
0.00054181
0.000533775
0.000525503
0.000517019
0.000508349
0.000499523
0.000490576
0.000481544
0.000472468
0.000463393
0.000454369
0.000445453
0.000436704
0.000428189
0.000419981
0.000412157
0.000404801
0.000398002
0.000391853
0.000386448
0.000381883
0.000378252
0.000375644
0.000374142
0.000373814
0.000374719
0.000376896
0.000380367
0.000385134
0.00039118
0.00039847
0.00040695
0.000416551
0.000427193
0.000438785
0.000451227
0.000464416
0.000478241
0.000492592
0.000507356
0.00052242
0.000537669
0.000552993
0.000568278
0.000583414
0.000598294
0.00061281
0.000626857
0.000640335
0.000653144
0.00066519
0.000676383
0.000686636
0.00069587
0.00070401
0.000710989
0.000716746
0.000721229
