1.76284
1.76283
1.76281
1.76278
1.76274
1.76268
1.7626
1.76252
1.76242
1.76231
1.76219
1.76205
1.7619
1.76174
1.76156
1.76137
1.76117
1.76096
1.76073
1.7605
1.76025
1.75999
1.75971
1.75943
1.75913
1.75882
1.7585
1.75817
1.75783
1.75748
1.75711
1.75674
1.75635
1.75596
1.75555
1.75514
1.75471
1.75428
1.75383
1.75338
1.75291
1.75244
1.75196
1.75148
1.75098
1.75047
1.74996
1.74944
1.74892
1.74838
1.74784
1.74729
1.74674
1.74618
1.74561
1.74504
1.74447
1.74388
1.7433
1.74271
1.74211
1.74151
1.74091
1.7403
1.73969
1.73908
1.73846
1.73784
1.73722
1.7366
1.73598
1.73535
1.73472
1.7341
1.73347
1.73284
1.73221
1.73158
1.73096
1.73033
1.72971
1.72908
1.72846
1.72784
1.72722
1.7266
1.72599
1.72538
1.72477
1.72417
1.72357
1.72297
1.72238
1.7218
1.72122
1.72064
1.72007
1.7195
1.71894
1.71839
1.71784
1.7173
1.71677
1.71624
1.71572
1.71521
1.7147
1.71421
1.71372
1.71324
1.71277
1.7123
1.71185
1.71141
1.71097
1.71055
1.71013
1.70973
1.70933
1.70894
1.70857
1.70821
1.70785
1.70751
1.70718
1.70686
1.70655
1.70625
1.70597
1.7057
1.70543
1.70518
1.70495
1.70472
1.70451
1.70431
1.70412
1.70395
1.70378
1.70363
1.7035
1.70337
1.70326
1.70316
1.70308
1.70301
1.70295
1.7029
1.70287
1.70285
1.70284
1.70285
1.70287
1.7029
1.70295
1.70301
1.70308
1.70316
1.70326
1.70337
1.7035
1.70363
1.70378
1.70395
1.70412
1.70431
1.70451
1.70472
1.70495
1.70518
1.70543
1.7057
1.70597
1.70625
1.70655
1.70686
1.70718
1.70751
1.70785
1.70821
1.70857
1.70894
1.70933
1.70973
1.71013
1.71055
1.71097
1.71141
1.71185
1.7123
1.71277
1.71324
1.71372
1.71421
1.7147
1.71521
1.71572
1.71624
1.71677
1.7173
1.71784
1.71839
1.71894
1.7195
1.72007
1.72064
1.72122
1.7218
1.72238
1.72297
1.72357
1.72417
1.72477
1.72538
1.72599
1.7266
1.72722
1.72784
1.72846
1.72908
1.72971
1.73033
1.73096
1.73158
1.73221
1.73284
1.73347
1.7341
1.73472
1.73535
1.73598
1.7366
1.73722
1.73784
1.73846
1.73908
1.73969
1.7403
1.74091
1.74151
1.74211
1.74271
1.7433
1.74388
1.74447
1.74504
1.74561
1.74618
1.74674
1.74729
1.74784
1.74838
1.74892
1.74944
1.74996
1.75047
1.75098
1.75148
1.75196
1.75244
1.75291
1.75338
1.75383
1.75428
1.75471
1.75514
1.75555
1.75596
1.75635
1.75674
1.75711
1.75748
1.75783
1.75817
1.7585
1.75882
1.75913
1.75943
1.75971
1.75999
1.76025
1.7605
1.76073
1.76096
1.76117
1.76137
1.76156
1.76174
1.7619
1.76205
1.76219
1.76231
1.76242
1.76252
1.7626
1.76268
1.76274
1.76278
1.76281
1.76283
1.76284
