0.638445
0.639073
0.639701
0.640328
0.640955
0.64158
0.642205
0.642827
0.643448
0.644066
0.644682
0.645295
0.645905
0.646512
0.647116
0.647715
0.648311
0.648902
0.649488
0.65007
0.650647
0.651218
0.651784
0.652343
0.652897
0.653445
0.653985
0.654519
0.655046
0.655566
0.656078
0.656583
0.657079
0.657567
0.658047
0.658518
0.658981
0.659434
0.659879
0.660314
0.660739
0.661154
0.66156
0.661955
0.66234
0.662715
0.663079
0.663432
0.663774
0.664105
0.664425
0.664734
0.665031
0.665316
0.665589
0.665851
0.6661
0.666338
0.666563
0.666776
0.666976
0.667164
0.667339
0.667502
0.667652
0.667789
0.667913
0.668024
0.668123
0.668208
0.66828
0.668339
0.668385
0.668418
0.668438
0.668445
0.668438
0.668418
0.668385
0.668339
0.66828
0.668208
0.668123
0.668024
0.667913
0.667789
0.667652
0.667502
0.667339
0.667164
0.666976
0.666776
0.666563
0.666338
0.6661
0.665851
0.665589
0.665316
0.665031
0.664734
0.664425
0.664105
0.663774
0.663432
0.663079
0.662715
0.66234
0.661955
0.66156
0.661154
0.660739
0.660314
0.659879
0.659434
0.658981
0.658518
0.658047
0.657567
0.657079
0.656583
0.656078
0.655566
0.655046
0.654519
0.653985
0.653445
0.652897
0.652343
0.651784
0.651218
0.650647
0.65007
0.649488
0.648902
0.648311
0.647715
0.647116
0.646512
0.645905
0.645295
0.644682
0.644066
0.643448
0.642827
0.642205
0.64158
0.640955
0.640328
0.639701
0.639073
0.638445
0.637816
0.637188
0.636561
0.635934
0.635309
0.634685
0.634062
0.633441
0.632823
0.632207
0.631594
0.630984
0.630377
0.629774
0.629174
0.628579
0.627987
0.627401
0.626819
0.626242
0.625671
0.625105
0.624546
0.623992
0.623445
0.622904
0.62237
0.621843
0.621323
0.620811
0.620307
0.61981
0.619322
0.618842
0.618371
0.617908
0.617455
0.61701
0.616575
0.61615
0.615735
0.615329
0.614934
0.614549
0.614174
0.61381
0.613457
0.613115
0.612784
0.612464
0.612155
0.611858
0.611573
0.6113
0.611038
0.610789
0.610551
0.610326
0.610113
0.609913
0.609725
0.60955
0.609387
0.609237
0.6091
0.608976
0.608865
0.608766
0.608681
0.608609
0.60855
0.608504
0.608471
0.608451
0.608445
0.608451
0.608471
0.608504
0.60855
0.608609
0.608681
0.608766
0.608865
0.608976
0.6091
0.609237
0.609387
0.60955
0.609725
0.609913
0.610113
0.610326
0.610551
0.610789
0.611038
0.6113
0.611573
0.611858
0.612155
0.612464
0.612784
0.613115
0.613457
0.61381
0.614174
0.614549
0.614934
0.615329
0.615735
0.61615
0.616575
0.61701
0.617455
0.617908
0.618371
0.618842
0.619322
0.61981
0.620307
0.620811
0.621323
0.621843
0.62237
0.622904
0.623445
0.623992
0.624546
0.625105
0.625671
0.626242
0.626819
0.627401
0.627987
0.628579
0.629174
0.629774
0.630377
0.630984
0.631594
0.632207
0.632823
0.633441
0.634062
0.634685
0.635309
0.635934
0.636561
0.637188
0.637816
0.638445
